1
1
2
1
3
1
2
3
1
5
6
11
11
4
11
14
15
14
9
12
7
9
16
16
4
11
20
7
29
1
17
25
6
22
28
22
19
34
5
33
5
40
38
5
30
8
32
23
23
27
6
15
47
46
42
5
52
47
40
33
56
45
41
4
63
40
65
40
19
8
44
54
14
51
62
28
29
10
23
7
31
47
9
61
82
81
11
36
1
72
56
3
86
65
38
45
77
26
30
47
24
56
89
5
67
37
71
59
45
3
63
41
10
16
31
51
95
81
115
44
75
22
76
116
2
115
60
91
97
108
37
33
106
92
129
92
11
137
23
43
141
14
27
113
122
63
125
92
102
150
81
125
4
9
118
51
103
2
38
86
107
43
17
61
94
4
3
161
106
32
79
66
110
20
44
143
131
175
116
90
58
151
154
39
71
181
182
57
98
71
42
114
113
71
136
128
141
87
31
62
77
37
105
164
190
163
86
24
29
10
138
110
183
112
76
86
31
39
175
122
60
63
156
171
122
119
68
43
120
76
33
169
118
7
4
190
145
5
107
193
100
237
175
10
2
62
171
77
58
248
228
58
94
170
164
139
111
244
52
247
199
85
178
74
26
161
220
110
106
134
188
101
39
263
212
253
62
64
139
113
51
78
159
253
138
233
110
198
92
47
120
75
264
203
121
248
69
161
44
34
177
286
278
256
106
135
238
173
179
1
237
169
15
101
58
71
163
146
303
21
65
222
64
294
172
254
83
4
261
227
212
7
294
210
215
299
108
113
321
23
91
238
256
176
88
80
66
142
40
345
143
347
16
189
42
140
45
355
295
111
254
193
353
37
296
66
13
55
360
98
208
228
6
358
273
220
267
216
338
42
238
97
93
348
13
314
265
84
159
375
318
72
186
14
382
192
75
328
225
189
391
142
267
52
199
27
25
263
359
171
395
272
244
333
241
125
151
18
40
63
224
402
322
341
340
329
266
179
157
109
207
110
399
223
56
286
398
100
341
341
128
84
225
388
272
355
9
308
330
327
440
378
159
87
274
138
39
191
193
135
429
82
34
28
422
41
161
270
331
160
409
433
167
400
206
230
340
1
85
52
171
232
133
447
155
461
278
409
341
229
221
353
51
173
76
390
122
111
215
310
314
404
404
184
49
162
431
176
141
437
238
58
70
213
292
306
508
61
85
205
433
1
517
10
33
3
309
490
489
345
342
58
466
82
57
57
329
315
450
343
195
129
335
20
535
522
297
51
401
257
44
194
530
508
508
388
125
176
33
138
197
238
494
133
118
347
499
345
410
215
447
303
105
75
551
202
31
35
316
570
193
193
101
478
79
316
318
407
414
107
142
218
367
11
201
464
101
377
30
485
244
148
486
372
317
1
552
476
498
242
68
168
520
128
281
166
79
182
176
31
498
538
94
369
294
443
308
29
185
286
78
361
32
490
117
206
72
206
438
256
376
338
129
89
427
357
241
574
547
128
441
414
413
188
367
487
78
544
106
527
38
531
222
16
467
595
562
217
369
386
367
95
215
338
371
417
190
322
167
370
543
298
200
449
209
452
279
276
213
667
374
456
85
313
451
19
423
56
366
216
334
523
135
551
164
142
648
118
572
635
676
712
589
97
646
530
428
233
86
682
256
418
685
200
528
414
166
462
607
146
236
470
325
428
121
121
317
387
355
57
634
113
488
276
212
18
628
27
395
660
628
111
99
668
693
31
716
315
451
164
169
731
488
171
3
717
561
672
657
675
627
478
79
666
480
251
399
73
77
689
322
430
264
346
362
325
639
117
206
715
280
472
405
172
301
158
791
233
102
709
97
409
125
166
448
98
348
544
762
590
283
58
254
598
83
615
72
390
607
647
737
85
789
49
395
45
326
703
294
9
59
415
720
505
271
344
199
512
109
308
700
155
536
509
103
58
746
521
526
616
329
712
386
141
79
349
674
409
437
22
296
758
49
300
600
516
610
812
776
730
706
179
302
133
347
511
631
725
248
150
770
727
484
208
305
315
378
169
357
401
544
548
137
179
654
861
87
765
570
251
742
837
409
65
479
396
492
125
154
874
736
524
567
354
723
404
342
626
62
447
261
723
346
423
783
345
374
821
668
806
209
406
915
312
586
613
324
652
739
171
911
587
690
583
513
463
772
356
611
612
539
279
258
231
300
255
850
724
441
476
213
716
176
707
404
644
566
907
39
918
233
185
476
752
951
840
250
549
503
111
263
606
379
80
486
851
518
507
978
387
324
21
930
167
854
410
609
804
561
207
207
646
181
636
474
13
297
1001
184
131
351
955
994
158
912
44
691
267
453
29
687
763
12
845
83
491
430
721
74
226
281
91
1024
118
604
484
670
500
968
842
487
957
980
553
434
392
404
455
715
729
252
291
828
269
837
194
235
745
120
61
732
862
259
443
58
209
693
451
800
706
977
28
1037
813
222
580
1030
367
255
519
650
798
732
412
90
613
507
678
654
58
1000
688
480
916
1093
1008
279
982
161
957
694
614
241
592
666
774
733
1014
923
433
649
227
442
43
556
121
1033
496
175
26
616
968
181
153
965
597
1089
205
593
434
269
509
1063
308
547
1115
881
898
411
645
100
964
1121
138
391
482
140
932
662
77
610
930
827
237
725
38
922
1120
384
40
332
1147
165
182
265
272
725
258
1027
741
26
469
989
928
139
603
256
689
746
732
1057
22
296
534
992
74
15
145
1148
138
919
872
1014
258
684
507
24
268
501
413
12
330
1117
235
979
353
866
843
910
50
115
514
398
801
749
1029
126
533
809
35
128
114
1026
932
734
419
962
28
919
667
323
74
1185
595
911
565
521
549
765
529
81
340
1158
353
552
374
1003
178
369
643
103
68
1225
706
619
715
665
668
170
265
76
1230
56
1001
798
543
456
1000
316
255
781
764
520
894
326
53
670
1272
735
1113
246
1063
1218
324
792
979
882
1209
122
326
1021
454
665
856
1280
1096
993
13
34
503
717
541
124
571
474
1200
613
647
1262
347
713
221
448
34
240
453
367
686
13
468
683
937
398
481
170
413
733
1071
796
733
568
847
382
724
385
312
477
794
479
1078
110
412
776
1112
456
630
154
1068
792
866
130
1072
628
88
229
1229
1054
1329
723
909
553
765
685
1358
121
442
1006
1127
1031
712
219
1038
470
421
877
186
384
993
694
72
571
563
1320
1179
88
1010
983
229
967
536
529
471
552
188
241
143
181
177
1327
226
1269
1367
641
225
601
411
428
1203
663
1183
717
226
663
66
310
422
601
90
733
1201
1248
945
539
766
911
1225
797
954
1262
587
342
752
4
320
1354
932
239
542
156
319
171
536
368
400
657
780
191
368
915
435
1451
1432
984
473
267
1050
244
1223
1344
460
80
511
391
1010
1015
750
25
664
604
10
1096
487
786
1291
1304
961
629
1319
244
1346
702
780
616
695
1309
1293
1472
1414
947
270
253
749
223
1103
1438
131
1417
1011
1168
1491
1261
1119
790
1315
1366
564
594
1507
760
943
837
330
1157
10
1427
1132
366
1217
1409
123
386
1392
1493
18
387
609
349
198
1401
787
709
809
117
1516
272
1266
1073
1150
616
360
1479
1246
1226
1510
578
869
1476
524
412
63
1381
1245
702
883
18
1434
384
176
270
376
1133
258
1523
198
408
1217
143
1193
274
615
1458
946
198
158
58
1330
694
467
765
1564
644
961
166
0
0
0
0
0
0
0
0
0
0
0
0
0
0
0
0
0
0
0
0
0
0
0
0
0
0
0
0
0
0
0
0
0
0
0
0
0
0
0
0
0
0
0
0
0
0
0
0
0
0
0
0
0
0
0
0
0
0
0
0
0
0
0
0
0
0
0
0
0
0
0
0
0
0
0
0
0
0
0
0
0
0
0
0
0
0
0
0
0
0
0
0
0
0
0
0
0
0
0
0
0
0
0
0
0
0
0
0
0
0
0
0
0
0
0
0
0
0
0
0
0
0
0
0
0
0
0
0
0
0
0
0
0
0
0
0
0
0
0
0
0
0
0
0
0
0
0
0
0
0
0
0
0
0
0
0
0
0
0
0
0
0
0
0
0
0
0
0
0
0
0
0
0
0
0
0
0
0
0
0
0
0
0
0
0
0
0
0
0
0
0
0
0
0
0
0
0
0
0
0
0
0
0
0
0
0
0
0
0
0
0
0
0
0
0
0
0
0
0
0
0
0
0
0
0
0
0
0
0
0
0
0
0
0
0
0
0
0
0
0
0
0
0
0
0
0
0
0
0
0
0
0
0
0
0
0
0
0
0
0
0
0
0
0
0
0
0
0
0
0
0
0
0
0
0
0
0
0
0
0
0
0
0
0
0
0
0
0
0
0
0
0
0
0
0
0
0
0
0
0
0
0
0
0
0
0
0
0
0
0
0
0
0
0
0
0
0
0
0
0
0
0
0
0
0
0
0
0
0
0
0
0
0
0
0
0
0
0
0
0
0
0
0
0
0
0
0
0
0
0
0
0
0
0
0
0
0
0
0
0
0
0
0
0
0
0
0
0
0
0
0
0
0
0
0
0
0
0
0
0
0
0
0
0
0
0
0
0
0
0
0
0
0
0
0
0
0
0
0
0
0
0
0
0
0
0
0
0
0
0
0
0
0
0
0
0
0
0
0
0
0
0
0
0
0
0
0
0
0
0
0
0
0
0
0
0
0
0
0
0
0
0
0
0
0
0
0
0
0
0
0
0
0
0
0
0
0
0
0
0
0
0
0
0
0
